tests:
          
A         B
[1 2 3]   [1 8 27]
[-1 0 1]  [-1 0 1]

[5 6 7]   [125 216 343]
[-4 -3 -2]  [-64 -27 -8]
[97 98 99]  [912673 941192 970299]



test case 1 output:
        A = [-10:0.5:10];



-1000       -857.375           -729       -614.125           -512       -421.875           -343       -274.625 
          -216       -166.375           -125        -91.125            -64        -42.875            -27       
 -15.625             -8         -3.375             -1         -0.125              0          0.125             
 1          3.375              8         15.625             27         42.875             64         91.125    
        125        166.375            216        274.625            343        421.875            512        61
4.125            729        857.375           1000





test case 2 output:
        A = [-100:0.5:100];


-1000000       -985074.875           -970299       -955671.625           -941192       -926859.375           -9
12673       -898632.125           -884736       -870983.875           -857375       -843908.625           -8305
84       -817400.375           -804357       -791453.125           -778688       -766060.875           -753571 
      -741217.625           -729000       -716917.375           -704969       -693154.125           -681472    
   -669921.875           -658503       -647214.625           -636056       -625026.375           -614125       
-603351.125           -592704       -582182.875           -571787       -561515.625           -551368       -54
1343.375           -531441       -521660.125           -512000       -502459.875           -493039       -48373
6.625           -474552       -465484.375           -456533       -447697.125           -438976       -430368.8
75           -421875       -413493.625           -405224       -397065.375           -389017       -381078.125 
          -373248       -365525.875           -357911       -350402.625           -343000       -335702.375    
       -328509       -321419.125           -314432       -307546.875           -300763       -294079.625       
    -287496       -281011.375           -274625       -268336.125           -262144       -256047.875           -250047       -244140.625           -238328       -232608.375           -226981       -221445.125           -216000       -210644.875           -205379       -200201.625           -195112       -190109.375           -185193       -180362.125           -175616       -170953.875           -166375       -161878.625           -157464       -153130.375           -148877       -144703.125           -140608       -136590.875           -132651       -128787.625           -125000       -121287.375           -117649       -114084.125           -110592       -107171.875           -103823       -100544.625            -97336        -94196.375            -91125        -88121.125            -85184        -82312.875            -79507        -76765.625            -74088        -71473.375            -68921        -66430.125            -64000        -61629.875            -59319        -57066.625            -54872        -52734.375            -50653        -48627.125            -46656        -44738.875            -42875        -41063.625            -39304        -37595.375            -35937        -34328.125            -32768        -31255.875            -29791        -28372.625            -27000        -25672.375            -24389        -23149.125            -21952        -20796.875            -19683        -18609.625            -17576        -16581.375            -15625        -14706.125            -13824        -12977.875            -12167        -11390.625            -10648         -9938.375             -9261         -8615.125             -8000         -7414.875             -6859         -6331.625             -5832         -5359.375             -4913         -4492.125             -4096         -3723.875             -3375         -3048.625             -2744         -2460.375             -2197         -1953.125             -1728         -1520.875             -1331         -1157.625             -1000          -857.375              -729          -614.125              -512          -421.875              -343          -274.625              -216          -166.375              -125           -91.125               -64           -42.875               -27           -15.625                -8            -3.375                -1            -0.125                 0             0.125                 1             3.375                 8            15.625                27            42.875                64            91.125               125           166.375               216           274.625               343           421.875               512           614.125               729           857.375              1000          1157.625              1331          1520.875              1728          1953.125              2197          2460.375              2744          3048.625              3375          3723.875              4096          4492.125              4913          5359.375              5832          6331.625              6859          7414.875              8000          8615.125              9261          9938.375             10648         11390.625             12167         12977.875             13824         14706.125             15625         16581.375             17576         18609.625             19683         20796.875             21952         23149.125             24389         25672.375             27000         28372.625             29791         31255.875             32768         34328.125             35937         37595.375             39304         41063.625             42875         44738.875             46656         48627.125             50653         52734.375             54872         57066.625             59319         61629.875             64000         66430.125             68921         71473.375             74088         76765.625             79507         82312.875             85184         88121.125             91125         94196.375             97336        100544.625            103823        107171.875            110592        114084.125            117649        121287.375            125000        128787.625            132651        136590.875            140608        144703.125            148877        153130.375            157464        161878.625            166375        170953.875            175616        180362.125            185193        190109.375            195112        200201.625            205379        210644.875            216000        221445.125            226981        232608.375            238328        244140.625            250047        256047.875            262144        268336.125            274625        281011.375            287496        294079.625            300763        307546.875            314432        321419.125            328509        335702.375            343000        350402.625            357911        365525.875            373248        381078.125            389017        397065.375            405224        413493.625            421875        430368.875            438976        447697.125            456533        465484.375            474552        483736.625            493039        502459.875            512000        521660.125            531441        541343.375            551368        561515.625            571787        582182.875            592704        603351.125            614125        625026.375            636056        647214.625            658503        669921.875            681472        693154.125            704969        716917.375            729000        741217.625            753571        766060.875            778688        791453.125            804357        817400.375            830584        843908.625            857375        870983.875            884736        898632.125            912673        926859.375            941192        955671.625            970299        985074.875           1000000
